10
5
477162 658880 751280 927930 297191
5
565469 851600 460874 148692 111090
10
784386 279993 982220 996285 614710 992232 195265 359810 919192 158175
10
648238 567372 124487 186776 836580 145200 208246 287645 676654 352871
50
693819 281504 821370 40585 609200 594810 157332 981720 77925 110592 452872 917108 349999 258298 772598 194062 41738 1201 371902 642483 33672 376131 993608 789770 91108 679607 396127 812326 587600 290278 854755 830528 412414 942400 66820 6100 61936 700170 414429 909824 926054 511963 269866 438676 220832 155062 25282 267135 9991 821938
50
886370 789060 614384 789890 324019 512336 891006 548185 898940 644394 820229 673088 654546 352661 937781 162976 589400 937124 370528 982765 472412 155588 96104 426232 189760 15375 285948 140844 264658 253631 735142 673094 1505 498944 659992 887761 562685 7848 953240 954207 638896 221450 755820 531294 816320 507880 270416 103800 960100 517690
100
685312 456329 748368 888776 736698 928496 984962 915175 684820 948600 638474 497792 541584 713354 608986 121248 933704 410290 591255 127216 587404 625198 231867 76432 69743 905617 223996 413992 906410 787973 61559 490605 696000 892701 476474 979690 714992 567072 546468 747686 954076 448302 387200 531934 991128 60128 277603 27142 151736 932728 918398 891882 421455 368982 618232 74060 415424 339322 13648 288786 470515 504674 188842 996572 195328 275160 288640 402560 63966 947470 921250 178100 123747 715024 711589 322672 116600 309139 842800 870162 196001 232320 968146 20810 927362 530486 923639 34028 801791 810240 707550 681260 26088 145415 932320 966130 419482 422908 47715 235648
100
847079 146984 893620 511498 726932 787600 631930 62177 629115 131807 106043 71218 901520 794050 352155 159080 574883 796050 506754 841125 509086 356348 600685 325215 825748 548876 465764 210615 777864 957888 436050 327498 602576 211689 891608 411813 300785 977084 270570 746288 70977 111151 535916 954214 512583 433286 715712 313152 494825 168350 774827 811000 736869 576677 747707 724706 83884 811628 4751 965734 70680 520508 966484 103920 184686 628557 483088 935594 756016 391178 527907 509236 770170 826872 679352 591849 244544 610600 350710 893676 599647 580170 119604 363792 417052 398068 147615 262552 438688 244976 975182 289290 580014 604890 453946 211540 234540 894265 531904 14090
1000
2600 190456 796059 90272 910875 853637 488308 650900 853492 59710 599833 628590 395875 514440 120602 225610 993736 682272 784398 163840 850512 353416 969456 496232 127858 623678 790719 88768 952100 472760 936723 137264 57792 2348 477339 73096 152255 382400 373372 435992 444580 423227 623364 376430 532434 766448 698894 290688 579380 160832 303354 131923 234828 919817 507026 265129 430997 803310 977058 650380 327023 579676 961554 677432 703184 220450 116858 722190 896740 549340 934620 565652 473616 966728 111866 625568 581364 908864 94496 3445 270784 79769 594203 568750 407538 74600 674175 699224 726729 233656 22208 432190 968480 107986 784384 280104 226676 10784 306257 610680 917488 692500 752352 597895 298352 936676 25048 311168 812096 178610 923072 591371 416575 422220 146556 421202 512760 873866 675720 346419 776000 222750 265183 74245 120870 287808 19160 651945 51384 420965 589700 425040 242600 818310 804172 204714 397937 41896 487496 164015 441548 942310 579973 574660 882289 74896 714460 337008 456491 557760 349144 11296 391888 874775 896932 558176 581726 195308 921591 835554 119122 601667 16480 547900 193779 858684 92464 160116 350610 109120 305870 805180 548756 631788 106350 540501 435456 837202 941200 675687 201870 237285 625910 51988 22691 509680 441512 439652 965028 472539 295058 518176 340988 278601 356835 428576 522273 651013 5985 546715 888603 374936 72430 863477 853690 492092 809138 558713 608239 173453 120835 879424 470410 888891 475911 235292 823236 971086 569064 197432 246355 816602 295354 32953 974760 476180 196434 482676 997594 556026 481100 113870 964388 51968 802094 195520 424365 404149 266150 812752 934026 449690 510198 730784 328361 649896 701136 781560 440126 478548 376074 925800 791546 535742 939240 904031 404260 503140 824436 449099 698295 14400 671856 386712 962504 967332 317850 386672 592464 275200 690836 689146 841283 546400 960240 745104 200165 41573 33800 345078 183744 301056 320532 581700 958664 104864 870850 211188 859716 723990 965040 410763 836135 97268 651090 293868 918460 923660 904140 574486 57500 156708 529205 17020 648405 533050 596636 936299 926889 956249 123192 92954 88026 571522 185500 84955 931060 749284 624252 644638 576360 752618 288797 350860 485376 551431 526808 522074 447424 572510 259929 215126 317367 375038 924200 517925 746945 170881 457130 197705 211060 568472 647239 21030 758550 967044 377381 380424 971530 416025 773565 243906 138880 127145 539434 134247 961575 969973 489799 601437 187309 328390 842714 66500 861128 799134 342047 979623 927653 939350 954590 762336 929671 461014 973182 901932 972099 310547 76750 131811 283700 776212 244700 215900 563505 580372 402652 270342 35200 997484 275891 150137 574240 791993 578898 726496 384650 463773 592584 575305 425224 152384 449960 498215 621850 229180 58128 246342 538000 507166 634640 725465 750569 196128 249006 352660 528200 217904 761428 270520 97355 103388 415743 988960 709410 491158 485468 336475 439510 949894 335764 112941 375210 288352 684391 182095 502610 495286 273760 158432 6985 207685 69630 366164 654311 69548 16531 217744 232492 390080 240198 380363 98217 597638 482240 446300 380516 707058 95604 322960 907634 560975 606432 242025 633278 45845 194200 319668 111330 725700 227903 161472 327950 423548 979065 865400 787685 243960 152600 871648 115176 189560 146992 713772 584359 686472 299418 931755 107193 48428 540560 278460 16448 903472 261500 435900 34424 754456 606633 222736 779996 59424 217098 946330 294961 321134 470592 568060 164209 172935 3712 932248 922831 462938 891868 627952 153947 786936 402230 770030 407606 60294 79951 312050 704102 340252 124574 759389 608341 392000 969765 30920 478804 801028 419360 16030 806975 551112 711745 65562 809362 517440 670648 197009 806710 320842 512532 963986 179951 778775 889548 925920 559840 461760 918700 567315 419264 476500 944730 40992 927187 380300 653440 884579 15500 368958 779542 286695 205242 439512 853227 995081 131490 602712 47433 608622 263693 712908 306008 212457 514404 639106 612270 952672 494382 623559 34724 491702 862253 605768 232440 624336 724807 836686 636146 112137 189939 629080 751375 835556 912456 752443 837194 77970 614304 705792 315644 115200 467700 697948 507119 776512 260142 130928 56440 997106 208541 908845 244660 941670 750672 183664 894401 198272 788754 709080 379008 256760 15360 364071 671244 699865 591360 771376 446449 214110 487860 901772 884563 696762 997560 985853 779880 511350 436480 682272 939240 966092 436370 933930 425752 956230 783751 791397 886580 173745 531559 60432 943217 380395 506676 940000 289096 373466 169350 914768 432061 75612 962722 901747 729142 265600 949709 818935 840755 230316 297219 243108 546696 165018 620708 744750 29050 800246 552552 435088 321800 364848 311808 698982 274091 161690 869539 995274 711970 469400 358396 11815 595176 365168 504074 408521 423552 203459 916380 5889 550452 994600 823780 314730 726734 734668 959318 348640 916628 884196 552192 424750 419245 6512 655757 568680 588964 148400 784160 462090 377207 129908 674885 906140 839220 872592 340760 374309 560924 147514 755565 676950 393946 575649 831852 352972 183828 826649 500636 816775 249930 206649 611250 115686 379502 534674 320060 139502 253617 895570 859610 853127 879356 361360 872912 773768 44970 692056 245730 87076 979056 644180 550700 338554 548370 799486 341214 891176 684198 280240 12168 489760 180968 679387 783080 189068 107420 180069 833436 348544 672565 647900 363802 25490 875640 802567 166860 850904 76920 528701 97887 459850 254654 177270 80185 353640 167050 470912 480440 214350 602896 758776 304288 61745 637200 437376 628385 315160 799684 1942 354830 309750 336674 422942 302889 723888 787180 110720 903064 68436 563238 480898 424855 839623 694927 43241 279650 812456 322632 50112 958996 270176 700350 935426 970960 575492 201640 739777 750440 249038 628648 483932 135888 628902 998090 852540 709144 476500 285719 885435 921926 987301 401018 65367 399590 214562 897520 799432 157200 929305 60570 411804 482094 741111 163795 928687 935104 890482 688864 249997 485280 569978 940720 656954 315923 289426 177675 548976 898772 400159 747314 548688 748890 448056 953496 575405 806789 688804 231577 625960 322890 684032 866372 820800 689338 920556 180919 676424 207506 341388 581648 177568 822368 817534 953491 835880 495265 859520 327090 547072 692984 216408 561534 285795 725462 199785 468424 833938 700992 821864 392930 791295 186370 122052 728664 688970 161560 84000 594091 806692 499860 530900 212366 260382 981582 147169 511745 636042 797472 105508 439536 43102 378800 581832 595324 366733 565242 205204 12942 365440 289460 225884 251064 301528 815272 658924 712800 696458 72000 832368 355570 380791 87480 231192 131933 767500 119852 759056 221679 211012 642359 438248 393900 575522 102760 662681 993071 702166 332032 378625 543695 942492 334480 624450 127034 364023 31520 177486 305922 695168 68564 731489 7717 512610
1000
842984 626554 973068 931804 388066 137834 747374 105632 644984 860700 417536 40818 939683 124318 757030 145611 139024 254883 777831 369130 802500 520896 168603 806485 132541 145192 85912 265254 866496 710960 335840 710790 124144 587240 82432 888704 32378 616000 552220 296480 153019 782880 883358 792042 34488 914955 919642 481464 72800 139884 777792 36168 760412 553583 899159 814492 984060 846032 377778 880781 925500 305270 283966 900860 784083 778671 69620 69896 150650 44093 783152 228840 579365 863480 198225 184810 387936 380868 256570 66250 228490 867084 582040 695063 179448 323660 543488 352072 448275 988446 727352 498936 27331 335800 977064 128420 479362 401728 468 555024 629188 236064 385166 565688 713705 967214 321344 307182 966055 309616 496671 340637 331048 692216 422199 341716 4175 875025 406962 607284 889295 846336 57152 776946 650270 675500 199672 31085 996 654784 585439 383692 485203 429612 232818 380448 602829 648900 107495 785461 850210 681400 933680 116670 396756 276332 984820 421151 535534 159831 610178 81199 672768 399485 501229 814107 856949 185311 458176 119985 542244 895600 924135 422790 762294 821894 87140 293992 487732 133264 936950 67090 574225 737022 138186 57632 274995 577379 606680 765545 163008 233170 856200 78410 435332 838156 400522 384184 996180 288871 852932 192704 303587 876565 681100 550408 21535 41625 530451 775566 202936 610458 652788 717682 75511 515792 199700 260298 538512 582092 725076 443694 699150 885760 651352 882714 770240 30689 370292 172374 735024 280310 577424 617166 150586 394340 560127 855768 892785 617602 807728 121815 7542 966360 286184 544584 176098 80920 983975 37185 797954 186660 665468 755719 887170 105375 935137 537018 353563 255872 696651 389600 231724 508804 120320 238467 778335 533528 994308 71790 680420 687908 312800 496858 478072 86690 64370 140193 45968 172806 547824 400173 377223 191093 426860 734352 223617 499670 412290 900800 201672 604255 869367 222540 841980 307077 593676 302480 452118 676469 789330 243138 425371 931570 764769 437280 334501 258720 567900 603856 482784 368000 795134 643524 144462 321314 628628 15590 68445 984092 619348 788700 739722 900898 648307 834580 204208 453092 381942 625920 696539 967488 566420 941756 992180 969576 188448 169316 549471 861650 210516 560838 456870 524320 81913 446960 373853 873008 415390 774184 327344 707533 110512 987536 297472 208270 497936 192782 16719 286992 281420 742216 145007 19776 679516 992896 17636 945467 834434 657315 161055 560934 207024 987192 823744 713739 687079 982418 389361 58648 627216 662650 31713 533376 767840 608805 610294 104433 92130 98690 69836 662980 119623 659694 513155 174184 694 811748 23010 551815 651371 97050 666308 771566 895528 119277 908205 511640 789023 490080 468024 370119 206380 29104 139816 340645 927200 364020 91031 610388 196950 994560 854029 866864 959075 268734 553900 813753 337389 795335 142872 556144 180458 898120 464815 908288 981912 93596 330172 90945 582534 472716 184632 628096 705328 856795 361572 999323 250400 325428 754000 531550 246976 87199 279040 781260 699792 904242 759483 860604 464570 136146 366400 880634 77836 915000 844380 893960 118488 230422 751916 615232 383680 869182 138159 119917 906799 767117 361786 57178 328036 869670 925825 303012 783583 411165 63048 416290 250824 702250 602104 132088 238508 439725 759072 998000 561624 322959 423445 828600 21636 38182 805974 454200 273055 396540 589411 731456 240174 351650 706704 490986 224438 609490 184420 249351 160550 930335 978928 191107 636101 354569 395687 623676 396075 480972 925 529307 258576 944328 404096 890240 804092 359545 838695 378650 877160 223968 375644 927096 473845 967472 319238 390096 350336 207684 996618 251888 922354 701164 568448 362182 515286 124628 971741 295588 144440 740104 544000 66961 903304 513250 49184 634176 363488 751438 766363 28850 391122 199936 996954 136426 781540 892882 749875 171806 24176 359603 172060 834750 798032 476996 74452 602056 3160 577848 916894 265160 581296 117364 464592 830035 434000 241762 348960 980292 137562 483297 289326 519876 811601 331345 633216 616650 735960 906336 220184 884731 876065 988735 749886 877208 513325 724462 738851 762971 485002 228776 503571 440947 341280 186318 628094 359287 66200 600235 569744 58062 39046 20122 770434 997238 432751 776700 723740 253487 464492 817295 334556 888500 283906 999684 438998 84684 369070 999340 969020 184792 31328 363456 625627 944349 210420 100170 523178 734255 593876 948280 802735 75920 950165 848645 199888 791680 771875 65591 315023 13714 756456 493104 322956 645278 231740 620640 681142 751589 944223 577572 495437 836425 787968 983550 721536 713808 501522 786432 688286 527454 405584 103732 487825 160144 288548 55665 562945 928168 274610 543392 207084 441680 198399 239964 429702 107836 203988 974128 865804 262874 984908 237098 741788 979077 216949 312724 150740 275712 802440 772759 271660 858155 721840 683460 179624 758830 226736 840349 568260 844484 407092 215296 317800 351196 275142 263614 422184 956640 782746 332773 652446 85826 184408 39920 942858 735736 990266 996635 60536 636450 266757 312368 587394 506250 316045 705390 524735 178056 840940 557640 450404 307798 758551 737226 589758 565606 163406 52500 341050 202676 259008 220980 689570 531268 668480 981736 404176 807729 504980 810768 453490 93235 462986 599730 235680 727968 582736 501935 747550 398710 652540 858097 827144 237384 594184 727110 394866 55764 528850 838569 776768 275452 798500 882082 811200 251 708416 431366 349674 821320 270410 313740 624253 427972 54780 86902 285136 859428 431712 342490 347795 193600 635408 166992 421336 435100 756822 266244 55591 822240 761315 580010 326324 530183 862128 727864 840430 606340 748572 507484 171545 931439 712260 326140 751790 139112 344492 734415 255688 569140 658616 16841 100125 123342 689975 886886 930560 633120 498065 772388 911500 430358 777758 295072 522760 35286 888955 452884 59032 223772 156310 351899 109978 947353 869397 732358 79378 759830 129666 728262 169365 658400 500854 104900 796081 415974 841741 540103 373470 434532 579703 465040 296952 140454 687064 896932 654400 492356 145302 300912 183704 527089 345959 225933 157676 369668 816042 517540 890980 361960 484375 156732 480886 983448 95730 828400 399709 970519 438221 219517 380829 943792 554735 270474 955336 587136 719303 95912 941664 442475 658289 776881 985721 159568 617360 466788 681326 495580 488375 473617 691150 187056 780699 845490 390383 512727 724084 984212 312272 23040 483264 516793 348864 329475 894030 472961 974485 987057 813930 980190 771846 313221 189135 345996 537498 236192 880059 45760 458517 766366 322548 528128 517164 757454 382332 175848 239326 836064 415073 882512 518750 301472 637848 694250 693733 665790 863856 139422 623392 275280 338836 207323 266870 857506 362949 8620 696414 223831 358665 589885 830312 872475 231750 520152 796784 498642 869875 400948 134324 816208 941528 979500
