10
10 3
1 2 3 4 5 6 7 8 9 10
10 5
6262 6004 1801 7660 7919 1280 525 9798 5134 1821 
20 19
3266 9419 3087 9001 9321 1341 7379 6236 5795 8910 2990 2152 2249 4059 1394 6871 4911 3648 1969 2176 
20 5
7316 5509 1240 9501 1569 8606 11 2994 1815 8653 332 503 9392 8146 6025 1312 9335 1873 8195 1452 
50 30
8634 5420 8514 2748 7481 8322 8430 6136 9243 6043 2662 6915 9314 2881 4961 4936 7994 4752 9498 3050 4541 61 2306 9366 9348 4490 5524 8885 3808 3191 4237 4503 7352 3307 476 2925 5075 9044 6150 8277 5880 8555 1980 1099 9188 6843 5713 6110 9980 9635 
50 16
8145 5300 1370 9098 7331 2607 3155 9407 2449 1239 1857 5982 2922 3088 9405 1085 3924 9896 3909 575 1821 4818 791 110 1508 5635 1503 9284 1321 7452 1421 3696 6467 2713 1563 7159 3264 649 8189 2649 8082 5424 7545 8213 2008 7673 6409 9375 5146 5328 
100 85
5602 7738 2415 4008 4241 2615 6199 3492 8434 1555 2881 9813 1149 5751 5605 663 8001 1894 2395 7631 3784 9440 9121 5702 6620 7352 2524 9960 6618 7127 4562 5591 4822 674 6312 8566 5951 4490 8855 6003 4548 9779 4932 3620 1431 1031 3232 790 65 555 8045 9698 6358 3011 1059 7265 2122 993 9713 337 5701 7700 3992 5576 1523 7263 7572 5000 1823 7270 5852 7716 4241 7105 6317 1826 8549 5706 1890 6785 5950 2409 3991 7245 9994 2578 9773 8657 8728 4189 896 2461 7288 295 1512 1576 386 3351 2381 8487 
100 63
9460 943 3870 1057 2165 404 2518 5359 3240 1075 7280 7952 8759 3440 7769 397 5831 8697 8399 1213 4643 8385 5891 5355 1178 3755 3583 5786 1236 9273 8842 6182 4090 6613 7962 7164 39 145 2265 6957 2697 4554 4698 2527 124 258 6174 8277 4985 6605 7731 5745 4811 1308 364 4423 2211 8857 918 1795 9661 1906 8826 4397 8098 1321 1743 9963 9487 9147 1202 4520 5973 4832 9720 8596 1778 7891 2003 429 7857 9938 8916 5420 8061 9448 256 2323 2556 6457 5621 3877 2122 3518 4766 3462 5715 5026 758 1013 
100 91
603 5178 8071 7796 5917 1282 6471 4368 7676 4977 6954 7861 9408 778 263 9745 7710 1814 2967 2508 2165 6291 5497 8563 774 1471 3754 4004 1959 1574 4339 8065 8361 6376 7107 5727 5017 2111 8926 4366 6068 3919 5734 1246 7231 398 7225 1664 582 8694 2507 2426 323 2553 3206 9839 2689 2853 3424 8399 9553 1784 9820 6331 5853 9925 2738 2924 9148 8727 7363 852 9109 7830 3496 9860 1591 3112 5723 368 3208 4729 1480 2736 6780 2286 1557 4328 7865 231 6704 1627 9512 7235 5336 8907 8863 2825 9390 8148 
100 54
371 1181 3194 3493 349 1976 80 4943 8047 3795 554 315 5623 2662 4997 1656 1627 9261 6854 5556 9566 3906 7552 9508 7568 2927 3402 6598 2251 3727 4688 3797 8379 1173 1672 8270 5293 6223 2184 5712 2588 1947 4439 1753 7256 7675 8065 8271 8808 6422 5919 4603 4225 7583 4566 8717 3447 6026 1102 5084 19 4027 6966 9260 4038 7825 5782 7606 5582 132 3750 1058 678 379 7917 8024 1842 5921 6396 1448 9244 1144 4780 4502 4985 1902 2197 7818 6559 6064 2512 8231 2586 6348 2240 8570 5197 251 9772 789 
