10
5 
49679
5 
08271
10 
7797946543
10 
2371800677
50 
37597872061268260074883856489417015431959663044231
50 
14849127955375395645957012089601816567748656412548
100 
3167609169682276517878145977573423298575235834507175494424168279930288650434871420731112143174869981
100 
2133817769265826453005584139113004715222161865817131232516763960612271774155497682003256897823228334
100 
5904535059127454255241094463045752852867011245871391963993374693819422057502109366216456100004098413
100 
7463089523705891269387738994599212559999396429809821079157567545624640851211982071429014329332328143