10
10
1 2 3 4 5 6 7 8 9 10
10
67 39 16 49 60 28 8 85 89 11 
20
3 69 21 46 43 60 62 97 64 30 17 88 18 98 71 75 59 36 9 26 
20
10 68 5 56 69 13 37 23 89 9 59 37 87 49 66 2 77 7 52 45 
50
99 86 45 15 20 34 3 58 60 17 14 54 2 14 17 26 1 3 58 65 14 76 26 26 65 98 61 52 22 92 53 46 10 17 64 24 26 50 83 23 25 95 72 14 61 45 24 16 100 77 
50
38 55 8 15 30 45 32 59 93 62 48 27 24 23 87 51 19 62 16 34 8 42 100 70 16 32 29 18 18 38 86 61 89 55 69 73 55 71 77 49 7 88 77 76 26 8 16 80 17 74 
100
83 94 14 32 23 42 70 30 36 9 66 16 15 88 44 56 54 52 88 26 26 20 70 48 75 59 98 82 52 39 87 30 5 57 76 88 4 46 45 92 24 77 8 19 39 90 95 10 64 70 61 44 100 28 79 56 96 12 85 36 46 62 49 64 7 68 47 82 82 23 49 92 87 72 29 94 10 3 21 66 13 36 79 5 91 29 45 88 71 58 70 6 16 87 78 36 66 31 50 66 
100
93 50 43 40 32 60 81 97 45 34 63 31 39 10 86 32 51 54 81 78 52 78 82 5 13 55 42 36 4 62 18 37 77 73 79 67 83 62 95 1 26 29 16 73 52 4 1 25 69 65 15 60 34 100 53 60 85 78 35 82 95 37 23 34 1 8 1 2 12 86 76 17 2 62 1 61 86 18 16 32 95 32 2 57 67 76 90 39 80 3 34 54 94 48 44 10 3 9 43 36 
100
74 92 100 74 54 86 62 18 51 71 1 78 83 24 22 58 46 42 6 90 78 16 50 54 36 6 69 28 83 30 96 53 7 59 18 6 97 53 34 100 13 36 94 30 47 49 13 46 15 21 92 42 27 3 76 56 79 12 59 96 7 64 74 65 31 20 22 63 6 50 74 88 47 73 43 4 73 50 32 97 2 90 9 98 35 53 35 19 54 50 50 34 40 39 17 49 12 64 13 40 
100
27 3 65 60 45 58 37 92 8 9 34 15 51 45 60 75 82 94 37 4 81 28 49 75 46 87 55 72 3 29 63 74 39 42 48 23 19 27 40 31 32 8 25 69 19 2 90 31 45 89 18 62 60 33 41 94 57 44 41 99 36 39 19 48 13 96 18 74 25 27 87 37 56 100 37 86 48 97 15 40 62 72 4 9 71 83 81 12 2 13 22 88 59 76 38 58 27 69 32 11 
