10
3 10 5
1 3 5 7 9
3 10 5
1 3 7 8 9
5 20 5
4 7 9 14 17
10 100 15
9 18 22 32 40 45 50 56 60 67 77 80 81 82 90
10 100 15
10 17 23 33 39 44 51 57 59 66 75 86 87 90 95
4 50 20
1 3 4 8 9 11 14 15 16 19 20 22 26 29 31 35 36 40 44 46
5 100 20 
5 10 15 20 25 30 35 40 45 50 55 60 65 70 75 76 81 85 90 95
3 50 30
1 2 3 5 7 8 9 10 12 14 17 19 20 22 23 24 25 26 29 31 32 33 35 37 39 41 42 45 47 48
3 50 35
1 2 3 4 5 6 7 8 9 10 11 12 14 15 17 18 19 20 21 22 23 24 25 26 29 31 32 33 35 37 39 41 45 47 48
99 100 5
1 2 3 4 5